A0 [m2] 
-9999.000000	
qtrue, [m2/s] 
0 
ntrue [-] 
NaN 
Qtrue [m3/s] 
111.285207	95.710941	159.423846	73.623801	56.916862	56.916862	56.916862	74.190138	67.960432	64.845579	184.625840	84.384203	60.314883	85.516877	85.516877	191.421883	
dA, m2 
-9999.000000	-9999.000000	-9999.000000	-9999.000000	-9999.000000	-9999.000000	-9999.000000	-9999.000000	-9999.000000	-9999.000000	-9999.000000	-9999.000000	-9999.000000	-9999.000000	-9999.000000	-9999.000000	
h,m 
337.820560	337.367283	336.494394	337.669392	336.806084	336.690710	336.462641	337.387537	337.357043	337.702837	335.992410	337.669442	336.817218	337.530917	336.632313	338.197374	
W,m 
210.557765	158.624259	113.636182	167.771253	93.113166	105.512987	130.501555	165.301696	188.598940	199.756833	93.480580	198.604637	192.690798	201.031825	133.115363	216.931102	
